,A,B,C,D,E,F,G,H,I,J,K
A,0,62,12,107,70,98,64,104,67,17,40
B,62,0,62,34,38,102,120,32,85,72,71
C,12,62,0,50,54,49,97,37,114,27,17
D,107,34,50,0,12,53,17,85,72,5,19
E,70,38,54,12,0,33,108,93,36,97,29
F,98,102,49,53,33,0,45,34,104,1,110
G,64,120,97,17,108,45,0,88,100,29,63
H,104,32,37,85,93,34,88,0,76,38,115
I,67,85,114,72,36,104,100,76,0,70,105
J,17,72,27,5,97,1,29,38,70,0,30
K,40,71,17,19,29,110,63,115,105,30,0
